[?25l[0m [38;2;0;0;0m  [38;2;173;173;173m▂[38;2;245;245;245m▂[38;2;40;83;130;48;2;226;227;228m▗[0m[38;2;117;145;175m▆[38;2;178;180;182m▄[38;2;244;244;244m▂▂▂▂▂▂▂▂[38;2;247;247;247m▂[38;2;211;211;211m▅[38;2;221;221;221m▇[38;2;248;248;248m▂[38;2;174;174;174m▂   [0m
 [38;2;0;0;0m  [7m[38;2;231;231;231m▏[0m[38;2;61;88;119;48;2;237;237;237m▗[38;2;45;88;136;48;2;189;193;197m▂[38;2;157;163;172;48;2;18;76;137m▖[38;2;14;76;141;48;2;113;137;162m▇[38;2;65;103;143;48;2;221;222;223m▄[38;2;187;188;190;48;2;215;215;216m┬[38;2;198;199;200;48;2;233;233;233m▅[38;2;171;172;173;48;2;213;214;214m┈[38;2;184;184;185;48;2;216;217;217m┈[38;2;198;199;200;48;2;233;233;233m▅▅[38;2;172;173;174;48;2;211;211;212m╷[38;2;176;176;176;48;2;232;232;232m╴[38;2;217;217;218;48;2;237;237;237m╷[38;2;164;165;166;48;2;202;202;203m╴[38;2;177;177;178;48;2;221;221;222m╻[0m[38;2;232;232;232m▉   [0m
 [38;2;0;0;0m  [7m[38;2;231;231;231m▏[0m[38;2;91;106;128;48;2;210;211;212m▁[38;2;167;171;177;48;2;27;80;137m▖[38;2;2;68;137;48;2;97;122;150m▆[38;2;149;152;158;48;2;38;86;138m╺[38;2;54;89;127;48;2;169;169;171m▊[38;2;127;143;162;48;2;10;65;126m▝[38;2;62;102;144;48;2;188;190;194m▃[38;2;197;198;200;48;2;189;189;190m▋[38;2;191;191;192;48;2;200;201;202m┈[38;2;184;185;186;48;2;195;196;198m╷[38;2;184;184;185;48;2;225;225;226m┙[38;2;82;83;83;48;2;190;190;191m│[38;2;165;166;167;48;2;212;212;213m╶[38;2;237;237;238;48;2;178;179;180m▆[38;2;194;194;196;48;2;237;237;237m▁[38;2;159;159;160;48;2;219;219;219m┇[0m[38;2;230;230;230m▉   [0m
 [38;2;0;0;0m  [7m[38;2;231;231;231m▏[0m[38;2;33;78;126;48;2;214;215;216m▝[38;2;102;125;152;48;2;23;78;137m▁[38;2;71;101;135;48;2;30;82;138m╹[38;2;146;147;150;48;2;31;81;134m╴[38;2;105;114;125;48;2;51;86;125m╻[38;2;112;129;150;48;2;30;82;137m┗[38;2;114;127;144;48;2;31;84;140m┒[38;2;62;97;135;48;2;210;210;211m▉[38;2;145;145;147;48;2;193;193;194m╻[38;2;178;179;180;48;2;233;233;233m▁[38;2;166;166;167;48;2;213;213;214m╌[38;2;219;219;220;48;2;146;146;147m▋[38;2;167;167;167;48;2;202;202;203m┈[38;2;178;179;180;48;2;229;229;229m━[38;2;240;240;240;48;2;175;176;177m▆[38;2;126;126;127;48;2;218;219;219m╱[0m[38;2;230;230;230m▉   [0m
 [38;2;0;0;0m  [7m[38;2;231;231;231m▏[0m[38;2;248;248;248;48;2;94;116;141m▌[38;2;17;75;136;48;2;138;147;159m▆[38;2;108;123;141;48;2;27;81;138m╺[38;2;128;136;147;48;2;39;80;125m┐[38;2;99;110;124;48;2;32;79;130m▖[38;2;104;116;134;48;2;21;75;134m╺[38;2;250;250;250;48;2;94;118;144m▗[38;2;194;194;194;48;2;233;233;233m▁[38;2;154;155;156;48;2;181;182;182m┙[38;2;119;119;120;48;2;220;220;221m▏[38;2;181;182;183;48;2;230;230;230m┏[38;2;185;185;186;48;2;218;218;219m▘[38;2;151;152;153;48;2;209;209;209m▋[38;2;175;175;177;48;2;235;235;235m━[38;2;185;185;186;48;2;227;227;228m▘[38;2;129;129;129;48;2;214;214;214m╱[0m[38;2;231;231;231m▉   [0m
 [38;2;0;0;0m  [7m[38;2;231;231;231m▏[0m[38;2;74;101;131;48;2;235;235;236m▗[38;2;3;67;135;48;2;170;179;190m▄[38;2;122;129;140;48;2;18;75;137m╾[38;2;12;62;117;48;2;57;92;131m┈[38;2;34;85;139;48;2;30;79;131m┊[38;2;23;75;131;48;2;90;91;96m▉[38;2;143;143;144;48;2;209;209;210m▎[38;2;225;225;225;48;2;160;160;160m▇[38;2;144;144;145;48;2;197;197;197m╱[38;2;138;139;139;48;2;203;204;204m▏[38;2;162;162;162;48;2;234;234;234m╼[38;2;230;230;230;48;2;183;183;183m▇[38;2;142;143;144;48;2;197;197;197m▖[38;2;190;190;191;48;2;251;251;251m▄[38;2;151;152;153;48;2;217;218;218m╶[38;2;164;164;164;48;2;230;230;231m┰[0m[38;2;231;231;231m▉   [0m
 [38;2;0;0;0m  [7m[38;2;231;231;231m▏[0m[38;2;146;146;146;48;2;216;217;218m┊[38;2;182;183;186;48;2;42;86;134m━[38;2;149;151;155;48;2;25;79;137m╴[38;2;28;77;131;48;2;85;100;118m▊[38;2;29;77;128;48;2;126;138;154m▆[38;2;120;132;146;48;2;27;75;126m━[38;2;119;119;120;48;2;212;212;212m▏[38;2;178;178;179;48;2;211;211;212m▘[38;2;168;169;169;48;2;216;216;217m▝[38;2;148;148;150;48;2;209;209;209m▌[38;2;183;184;185;48;2;227;227;228m┮[38;2;181;181;182;48;2;216;217;217m╹[38;2;143;144;145;48;2;188;189;190m▖[38;2;179;180;181;48;2;245;245;245m▃[38;2;177;177;178;48;2;215;215;216m╱[38;2;164;165;166;48;2;217;217;218m▖[0m[38;2;231;231;231m▉   [0m
 [38;2;0;0;0m  [7m[38;2;231;231;231m▏[0m[38;2;254;254;254;48;2;180;181;182m▌[38;2;168;173;179;48;2;81;113;148m▋[38;2;164;165;168;48;2;31;82;137m╴[38;2;66;90;121;48;2;8;69;134m▂[38;2;24;68;117;48;2;100;116;135m▅[38;2;44;86;132;48;2;178;179;181m▉[38;2;86;86;87;48;2;207;207;208m▏[38;2;185;185;185;48;2;220;220;220m▚[38;2;163;164;164;48;2;211;211;211m╸[38;2;149;150;151;48;2;203;203;204m▍[38;2;182;183;184;48;2;231;231;231m┲[38;2;182;182;183;48;2;203;203;204m╵[38;2;145;145;146m▏[38;2;181;181;182;48;2;249;249;249m▃[38;2;171;172;174;48;2;199;199;200m╴[38;2;168;169;169;48;2;223;223;224m┃[0m[38;2;231;231;231m▉   [0m
 [38;2;0;0;0m  [7m[38;2;231;231;231m▏[0m[38;2;254;254;254;48;2;180;181;182m▌[38;2;197;198;200;48;2;193;194;197m┈[38;2;137;149;163;48;2;24;79;137m▅[38;2;93;115;140;48;2;35;85;139m┒[38;2;134;137;142;48;2;41;75;113m▂[38;2;36;78;124;48;2;134;135;136m▊[38;2;126;127;127;48;2;189;189;190m▏[38;2;167;167;168;48;2;219;219;219m┉[38;2;149;149;150;48;2;179;179;180m┊[38;2;155;155;156;48;2;201;201;201m╶[38;2;171;171;172;48;2;242;242;242m━[38;2;147;148;149;48;2;180;181;181m▝[38;2;237;237;237;48;2;185;185;186m┻[38;2;165;165;165;48;2;211;211;212m╴[38;2;187;188;189;48;2;195;196;198m┊[38;2;185;186;188;48;2;254;254;254m▋[0m[38;2;231;231;231m▉   [0m
 [38;2;0;0;0m  [7m[38;2;204;204;204m▂[0m[38;2;197;197;197;48;2;233;233;233m╴[38;2;234;234;234;48;2;195;196;197m▄[38;2;180;181;183;48;2;203;204;206m╴[38;2;197;198;200;48;2;67;102;140m╾[38;2;152;153;156;48;2;40;85;135m╴[38;2;99;110;125;48;2;183;184;184m▌[38;2;153;154;154;48;2;218;218;218m╸[38;2;217;217;218;48;2;173;174;174m┳[38;2;133;133;135;48;2;188;189;189m╹[38;2;192;192;193;48;2;222;222;222m━[38;2;228;228;228;48;2;176;177;177m┑[38;2;151;151;152;48;2;198;198;199m▎[38;2;175;175;176;48;2;218;218;219m┮[38;2;178;179;180;48;2;204;205;206m╵[38;2;232;232;232;48;2;194;195;197m▄[38;2;224;224;224;48;2;229;229;229m╵[0m[7m[38;2;205;205;205m▂[0m[38;2;54;54;54m   [0m
 [38;2;0;0;0m   [0m [7m[38;2;202;202;202m▅[38;2;216;216;216m▃[0m[38;2;157;165;173;48;2;225;226;227m╱[38;2;214;214;214;48;2;43;87;135m▅[38;2;153;154;154;48;2;215;215;215m▘[38;2;213;213;213;48;2;160;161;162m▇[38;2;147;148;148;48;2;199;200;201m▝[38;2;164;164;164;48;2;194;194;195m▘[38;2;200;200;201;48;2;144;145;145m▇[38;2;47;53;63;48;2;194;197;200m─[38;2;68;103;142;48;2;233;233;233m▄[38;2;208;208;208;48;2;223;225;227m╵[0m[7m[38;2;216;216;216m▃[38;2;203;203;203m▅[0m [38;2;2;2;2m    [0m
 [38;2;0;0;0m     [7m[38;2;164;164;164m▍[38;2;206;206;206m▂[38;2;210;210;210m▄[38;2;230;230;230m▅[38;2;229;229;229m▃[38;2;226;226;226m▁[38;2;226;226;227m▁[38;2;229;229;229m▃[38;2;222;222;222m▅[38;2;209;209;209m▅[38;2;179;184;190m▃[38;2;200;200;200m▂[0m[38;2;2;2;2m      [0m
[?25h